43 47 0 83 71 23 13 40 66 58
55 18 12 9 4 7 70 4 45 59
51 88 20 92 2 46 99 68 48 78
64 7 2 72 88 93 75 81 97 36
19 2 57 51 64 21 5 83 61 76
2 95 66 5 99 94 25 1 74 95
68 33 67 76 68 84 94 2 69 40
6 36 46 3 47 7 77 27 55 64
23 24 10 66 78 85 83 45 65 50
45 6 90 40 90 6 51 57 63 95
81 85 89 4 13 99 2 96 33 45
4 18 92 17 68 8 18 62 16 60
90 65 57 20 79 69 35 89 33 11
99 95 28 73 12 7 80 42 76 60
47 79 98 97 29 95 58 28 60 33
89 18 86 4 71 69 34 43 27 95
56 4 79 53 70 91 94 5 7 73
31 0 17 17 57 21 90 9 82 48
1 45 70 25 65 82 86 97 78 72
31 17 59 79 91 59 62 37 40 13
12 7 68 13 34 6 3 52 30 73
18 21 89 23 44 34 13 30 22 42
52 96 39 51 60 14 84 67 71 59
77 36 41 46 87 78 22 83 47 99
1 51 17 88 78 69 81 84 38 35
50 84 52 45 36 1 53 73 46 41
62 89 94 16 91 5 62 76 66 22
9 2 62 32 45 20 39 37 69 59
71 96 91 73 66 94 35 97 24 52
87 71 50 43 52 32 34 35 48 95
40 64 61 86 13 63 18 36 54 49
64 7 4 34 63 45 80 86 85 97
17 59 59 67 43 71 55 59 40 78
67 74 19 93 54 87 55 28 65 50
93 40 99 55 51 65 36 46 5 0
35 11 61 74 24 39 41 15 25 33
89 75 25 26 70 99 62 69 37 65
81 14 50 65 17 25 13 96 55 72
90 52 30 72 3 38 37 18 56 80
83 81 79 87 71 10 3 55 75 81
31 66 30 69 60 37 47 75 2 23
52 19 75 30 54 56 78 21 43 59
65 5 7 21 4 8 35 44 23 8
60 0 29 56 35 93 5 84 92 41
70 11 85 86 56 58 94 60 68 10
0 9 28 88 40 22 82 42 96 97
78 11 50 69 44 56 66 61 89 40
50 74 59 36 98 74 21 6 10 39
67 66 50 75 44 68 81 20 65 80
59 4 30 20 91 16 25 92 5 94
54 28 84 49 91 38 43 47 61 67
5 89 71 9 33 12 7 89 7 43
78 69 86 19 90 8 95 8 60 17
48 19 28 0 71 75 80 84 89 9
71 81 8 47 37 57 88 7 54 0
78 12 98 54 15 33 43 77 11 23
65 59 92 41 29 95 71 72 32 55
54 31 95 86 62 10 86 75 87 54
59 23 66 98 81 14 13 34 78 92
74 19 70 5 98 58 53 83 58 49
54 78 44 65 35 49 95 37 32 61
67 59 98 13 24 74 93 43 2 70
29 22 57 89 76 74 77 64 14 79
49 76 41 40 63 28 99 86 10 52
59 44 34 32 52 91 36 22 22 81
35 30 34 97 94 60 73 5 18 64
19 42 21 55 96 78 11 76 88 88
96 93 12 4 28 26 2 11 52 18
27 40 47 64 13 2 19 52 90 13
34 32 94 56 39 31 69 34 27 93
94 79 63 1 6 34 11 77 81 42
79 70 47 89 61 33 58 11 26 37
61 7 7 67 43 86 24 16 80 31
35 55 92 24 18 12 91 68 62 28
79 64 17 95 6 54 78 63 86 54
54 84 41 68 31 79 43 32 20 5
58 3 90 64 22 69 48 96 8 14
50 73 57 54 49 14 23 20 74 46
45 65 51 32 92 72 52 3 24 83
46 29 41 34 49 34 3 10 84 20
74 35 57 88 61 74 22 69 76 38
14 17 45 39 61 77 32 17 18 40
57 41 80 1 61 7 16 53 52 12
33 46 99 51 48 12 92 79 72 5
56 71 65 57 92 9 99 77 66 41
99 24 59 43 39 96 7 76 4 29
7 65 72 92 54 58 99 60 13 60
81 1 17 53 37 5 74 48 68 65
50 7 55 87 27 95 47 47 13 97
3 56 31 57 55 37 14 70 28 53
40 78 2 4 42 78 12 11 75 30
7 56 84 16 40 61 2 66 4 37
34 39 67 30 55 55 28 88 17 67
96 91 40 34 40 49 28 2 2 23
35 17 83 38 69 2 78 68 81 21
80 32 75 48 34 37 28 89 17 43
78 16 73 46 54 45 10 50 57 14
99 21 83 37 23 41 43 5 15 43
40 5 42 93 16 67 85 1 87 74
73 29 43 33 51 89 48 4 27 78
17 1 57 86 71 27 62 85 43 27
1 48 29 67 27 45 1 96 76 8
45 45 75 20 38 84 59 67 1 63
84 88 90 63 31 72 64 38 34 56
9 12 98 38 29 86 53 59 62 19
65 40 51 29 26 85 4 5 87 75
76 23 49 0 89 64 42 1 38 36
70 85 9 97 51 11 37 41 13 25
6 93 21 22 76 14 49 74 67 99
70 17 17 33 1 20 93 50 3 83
53 91 66 34 44 21 3 53 21 20
81 71 89 28 88 9 97 52 7 28
89 96 4 9 7 21 46 87 30 86
52 99 50 1 20 22 95 96 39 69
77 40 76 25 29 28 71 75 92 54
15 3 34 34 60 94 70 44 99 84
98 61 56 47 48 11 79 16 79 60
8 99 53 67 12 28 38 22 29 88
89 49 39 49 3 57 72 25 98 67
14 7 96 46 31 96 86 52 59 67
10 31 54 17 58 30 28 18 31 34
65 56 22 5 99 94 53 64 65 56
90 38 44 41 85 29 37 73 63 63
16 96 91 78 56 14 85 82 48 86
35 32 54 7 98 46 16 85 33 75
45 83 1 17 38 8 10 64 59 74
82 57 46 29 10 54 51 11 3 18
59 41 33 79 16 43 76 49 83 38
94 12 84 58 9 73 58 22 21 60
37 8 63 51 90 87 9 73 40 75
30 70 33 79 94 48 88 63 83 68
56 56 55 64 94 1 31 88 97 80
9 45 17 64 75 56 77 24 49 94
60 4 19 46 45 78 51 37 65 16
45 15 12 25 83 64 10 41 85 69
8 54 9 59 98 94 68 75 71 39
3 37 82 9 51 10 90 74 3 18
4 68 40 4 30 93 74 4 14 99
82 76 49 50 57 97 79 97 68 50
3 50 49 53 29 2 5 46 8 97
47 59 56 26 38 79 91 25 72 4
72 73 9 19 68 99 12 57 69 25
91 34 99 62 44 24 4 64 86 82
23 93 45 41 63 54 26 19 31 27
26 1 15 17 8 98 0 45 58 34
14 67 75 13 20 52 27 50 14 49
33 85 28 56 53 66 22 84 25 63
45 80 41 38 41 53 23 48 63 53
65 83 40 12 57 89 87 6 25 95
29 3 69 66 54 4 99 4 35 22
88 63 81 70 1 41 17 19 32 60
45 9 41 97 0 97 42 65 56 92
83 12 75 62 44 50 39 37 44 48
18 7 51 8 49 26 10 46 29 13
61 1 24 65 20 93 6 42 29 78
43 19 85 16 33 56 61 47 78 60
97 25 53 33 10 11 3 27 74 80
61 11 0 3 20 8 28 93 68 11
90 91 76 99 45 40 24 4 15 44
72 40 62 52 40 25 93 8 3 17
36 78 94 99 17 38 98 96 20 36
77 39 80 71 50 48 5 84 58 82
80 75 98 8 57 25 65 16 66 27
59 40 11 65 47 1 48 44 16 14
79 34 69 5 38 16 28 5 5 80
81 44 20 51 6 46 44 70 63 32
98 1 66 54 89 89 91 12 54 95
38 9 34 47 33 63 5 43 68 15
42 14 89 30 35 45 31 78 92 12
66 48 1 68 51 14 77 20 60 90
97 6 95 83 55 2 66 9 93 62
14 19 5 5 87 60 55 27 86 84
50 74 27 66 41 64 67 47 49 45
8 24 74 57 63 76 64 72 12 34
73 90 12 24 94 79 23 5 97 15
54 65 12 2 88 37 10 69 50 42
12 91 15 50 4 20 7 25 79 75
10 94 22 82 74 12 86 94 86 71
32 60 72 80 39 92 80 88 41 12
37 68 55 16 63 36 39 90 82 58
40 21 55 61 51 55 41 55 63 73
30 47 3 14 40 36 86 12 32 72
17 76 74 61 76 65 57 68 45 73
57 28 45 78 26 6 20 68 19 80
10 0 21 21 62 76 4 9 97 32
80 10 4 28 1 80 16 49 43 45
41 55 38 31 12 2 65 8 0 49
30 44 72 95 92 43 46 45 82 92
15 25 69 12 94 40 9 12 0 16
37 59 9 43 76 47 42 99 53 71
21 85 7 96 73 77 49 54 22 71
94 83 6 83 50 38 43 31 94 99
94 70 31 80 59 26 93 64 1 71
43 77 90 53 93 74 37 16 1 25
0 27 1 0 20 46 15 64 48 25
74 46 51 36 92 64 12 44 26 7
20 67 30 53 24 5 27 19 70 29
54 85 11 64 26 0 82 85 4 17
81 82 72 66 82 41 16 17 67 26
41 43 22 36 41 52 46 16 42 83
57 2 57 17 7 56 73 34 79 88
99 40 70 21 1 75 50 59 40 25
94 19 19 38 44 87 52 66 66 60
64 82 97 8 1 29 7 50 46 48
68 67 45 8 80 41 5 10 6 86
85 18 34 96 17 52 4 44 71 70
47 19 75 70 80 47 36 7 22 5
56 45 90 41 62 70 95 13 47 4
65 62 9 61 28 29 24 0 92 91
61 39 40 61 21 9 62 16 3 79
89 36 5 61 32 82 30 31 6 99
32 59 17 56 42 53 53 67 6 5
53 21 17 38 39 39 87 20 78 31
86 69 14 53 23 95 68 9 52 14
57 26 85 70 23 97 58 26 56 10
35 78 16 51 94 58 3 52 53 54
92 68 66 20 4 91 21 41 62 31
92 8 76 5 59 53 17 95 46 79
57 41 66 39 44 33 55 96 25 25
43 57 61 25 17 82 58 56 83 1
78 46 14 47 60 12 44 62 36 84
94 9 83 30 81 11 33 6 32 9
74 60 67 98 47 93 12 31 80 21
44 19 83 18 62 30 63 90 0 30
75 75 35 23 12 26 53 54 36 31
34 68 93 72 1 13 63 11 90 60
59 49 76 29 8 51 26 42 4 3
94 46 94 6 17 2 75 72 29 74
0 55 72 7 29 66 7 49 74 91
91 67 58 3 96 43 85 71 79 20
92 37 28 98 48 99 31 82 33 6
41 65 85 6 2 69 63 29 79 82
72 25 1 61 44 97 75 32 99 76
30 23 22 53 6 53 71 70 55 73
9 9 39 24 37 70 73 33 91 75
88 68 21 71 22 22 58 6 61 25
87 16 64 3 50 46 85 60 99 57
18 98 43 56 55 5 52 35 46 15
93 37 81 12 74 11 27 62 12 10
66 54 79 82 73 74 22 92 92 62
25 1 62 33 51 2 32 60 32 81
44 5 88 3 11 39 21 42 90 52
91 86 52 88 50 40 90 3 6 85
91 75 97 78 87 2 40 61 2 38
63 23 58 11 65 64 29 34 40 36
88 81 47 93 37 71 80 55 63 31
34 75 85 89 75 45 43 84 95 92
10 46 57 33 94 64 41 68 55 49
23 22 16 97 47 50 63 38 43 6
21 33 47 90 71 44 97 93 66 76
85 75 23 88 78 65 16 16 9 25
32 61 33 64 7 44 29 86 50 15
7 27 56 54 26 24 63 13 99 21
9 93 69 61 57 22 94 53 5 65
49 91 31 74 4 46 17 7 0 76
78 15 73 31 94 36 21 19 72 53
41 20 14 65 81 3 52 2 21 89
82 63 76 89 10 78 97 74 17 77
37 73 88 19 66 44 93 35 41 21
86 38 54 62 91 49 48 73 39 20
66 8 28 90 92 94 78 28 66 94
51 28 10 90 42 25 43 87 42 72
99 90 2 60 20 75 9 66 49 68
5 89 3 97 53 44 62 46 74 48
82 72 16 29 9 88 58 53 70 84
98 21 13 46 38 51 80 79 26 59
56 62 45 73 93 25 71 96 16 93
34 13 54 48 75 67 47 68 40 97
93 34 23 23 98 37 23 12 65 25
25 84 0 35 71 9 9 82 80 33
99 91 47 19 34 88 86 27 49 72
83 35 80 5 8 81 85 42 42 96
1 51 22 29 84 60 0 78 32 23
18 12 78 22 64 92 38 16 15 4
22 30 41 29 91 68 67 84 27 73
16 13 21 34 63 37 62 64 72 79
85 69 16 17 5 32 46 52 90 24
66 59 25 52 75 42 75 88 98 96
8 71 89 26 11 57 55 14 46 8
68 90 96 5 45 45 35 51 48 8
45 93 51 46 21 25 97 52 91 22
5 62 38 91 52 10 76 50 49 65
94 2 61 12 29 76 0 58 41 95
42 32 52 64 20 69 11 68 56 23
90 74 69 92 18 4 8 69 92 26
92 76 49 32 10 2 41 94 72 29
52 38 29 94 57 50 69 74 21 79
5 45 58 63 2 5 64 24 97 63
40 82 90 81 70 11 38 80 69 43
40 44 12 5 41 55 45 51 43 94
56 1 90 6 38 18 38 41 2 95
40 86 34 10 21 63 45 39 3 72
37 45 50 66 97 82 93 44 20 21
51 6 14 91 62 13 76 55 51 81
63 6 21 77 14 51 93 87 77 20
36 94 89 52 12 96 36 45 29 19
94 17 69 29 42 41 57 91 67 99
40 19 15 51 84 63 12 44 55 97
26 1 68 22 90 27 18 59 40 3
0 55 8 5 11 16 14 93 30 43
15 59 27 57 52 26 65 11 10 19
69 80 77 10 18 86 92 11 61 71
97 8 53 92 84 47 27 84 31 46
45 30 80 88 96 10 74 3 4 20
97 74 34 56 22 57 78 45 84 29
64 87 33 92 69 85 88 1 12 57
13 6 43 39 12 74 45 37 48 11
65 5 13 22 90 29 79 72 65 49
80 29 3 21 20 85 52 19 50 53
79 29 18 63 40 90 39 60 97 84
42 65 27 7 72 55 5 39 61 3
56 56 96 77 70 9 18 94 87 52
71 78 40 68 11 18 86 31 85 61
95 25 99 7 15 61 25 88 96 4
7 59 37 18 67 92 37 7 60 86
83 31 4 89 58 60 54 49 55 75
91 47 20 17 72 12 36 35 16 85
61 97 90 15 18 84 36 10 3 50
32 47 93 32 51 47 50 80 89 94
11 6 46 95 29 55 82 71 74 70
83 3 93 13 98 7 0 81 64 33
77 2 96 40 30 28 75 58 95 5
4 27 84 11 75 55 81 53 72 72
61 61 82 28 37 99 92 49 80 51
59 50 25 23 42 69 23 90 98 33
94 44 39 41 8 37 49 35 37 79
95 53 97 91 73 71 21 26 31 74
71 32 65 13 0 52 59 48 25 13
16 66 46 0 65 45 89 71 87 51
99 82 9 11 46 23 6 31 32 7
58 72 31 12 59 22 59 19 15 74
32 68 16 37 8 25 22 32 89 95
24 90 3 29 29 86 52 17 74 36
70 48 34 84 92 73 25 31 21 28
67 90 28 99 69 90 6 76 90 2
95 70 4 47 25 11 81 96 92 28
65 59 7 7 46 43 87 0 56 71
3 68 24 72 30 95 84 41 16 73
7 96 46 0 34 41 51 91 22 98
64 96 21 4 25 34 36 97 68 62
61 42 68 65 19 49 77 76 36 61
48 39 47 34 29 31 49 19 73 56
5 95 5 25 80 31 49 80 49 99
43 45 78 6 18 59 52 53 63 8
12 31 78 14 36 7 66 83 13 83
17 57 8 48 75 84 36 1 27 86
86 14 23 22 95 67 61 89 30 54
92 57 86 25 82 28 55 44 67 51
2 19 6 21 3 0 60 79 56 27
19 91 58 66 90 89 64 65 66 48
77 85 84 82 50 86 70 88 98 26
89 90 94 26 8 36 1 74 83 19
24 30 70 79 12 83 38 38 8 54
6 69 98 52 56 61 86 58 31 75
71 29 0 51 67 31 97 11 25 3
80 41 83 25 41 94 26 72 21 72
0 27 42 68 84 58 23 47 2 87
62 92 97 55 69 83 0 64 26 24
30 48 33 82 14 32 60 84 13 6
39 22 91 46 42 64 80 37 67 93
15 63 69 75 53 97 8 56 28 77
89 4 8 64 66 1 12 61 19 24
39 40 22 56 9 93 59 37 56 40
88 17 10 45 73 24 25 57 31 20
38 89 84 38 70 77 88 38 18 12
61 11 39 65 64 92 53 18 75 94
16 52 96 80 67 84 82 57 4 77
25 29 62 78 3 10 56 12 89 0
85 61 67 26 99 28 91 8 49 56
53 72 25 37 75 12 80 98 15 73
61 62 13 85 5 40 75 98 2 81
17 30 87 74 27 60 20 8 78 38
10 31 33 96 24 6 7 78 24 1
44 7 9 53 93 30 54 49 18 36
39 88 8 57 47 96 44 45 96 75
54 23 47 85 6 55 0 6 13 28
13 61 63 3 70 11 7 87 67 53
63 84 27 58 1 86 28 35 89 8
21 13 14 50 37 59 52 67 73 75
73 61 94 87 59 1 96 47 23 54
61 12 34 11 52 56 54 53 66 67
79 6 3 3 99 26 31 18 51 11
77 34 18 28 56 35 45 62 2 37
55 4 17 32 79 89 23 92 53 69
44 75 4 92 46 62 47 50 14 58
50 65 48 6 23 53 77 77 31 79
53 17 25 4 1 82 63 89 19 68
22 38 14 0 19 95 94 95 1 39
50 68 76 28 32 75 67 99 94 27
74 17 16 95 47 32 15 46 79 34
14 93 64 5 20 28 82 87 66 37
89 97 58 20 68 88 28 88 80 69
69 80 22 40 10 47 20 39 3 27
41 1 71 53 67 82 84 94 11 4
17 84 49 33 52 90 21 59 87 43
78 68 6 47 86 86 97 53 65 63
79 64 59 76 8 82 49 70 39 83
0 48 46 0 87 99 41 81 78 9
45 22 23 43 81 52 23 11 0 20
7 96 63 68 96 8 78 21 45 91
6 4 60 83 75 42 90 72 33 82
3 61 58 17 38 86 34 7 65 48
74 34 53 25 7 6 91 6 28 98
80 35 55 30 55 95 46 93 62 74
39 81 31 85 37 17 56 28 84 74
58 72 13 48 26 22 8 40 81 34
67 42 71 7 96 50 51 2 30 57
70 12 52 13 77 42 64 44 17 5
69 64 93 2 50 50 47 75 45 81
84 54 32 18 14 97 6 9 73 27
37 77 62 15 77 82 61 39 38 77
4 68 27 32 88 80 25 78 34 5
90 22 48 82 5 95 65 13 44 8
24 43 36 87 87 29 99 21 76 97
55 22 15 11 34 85 30 92 48 96
4 3 72 36 28 58 91 77 62 61
22 10 49 95 76 92 83 38 18 73
97 58 79 47 98 83 68 67 89 72
58 66 56 68 96 50 71 93 57 60
58 67 78 36 86 55 49 34 50 14
68 39 94 80 84 69 7 35 92 38
38 73 59 22 0 34 30 82 45 12
13 3 0 28 11 68 56 47 49 79
68 25 23 86 58 10 41 67 12 38
22 41 35 54 40 95 71 45 1 26
41 25 21 63 75 53 78 9 18 37
40 1 46 84 6 45 41 7 13 41
9 82 96 11 47 16 25 35 16 87
91 14 58 40 36 31 57 94 36 13
71 59 6 82 88 43 96 47 32 67
12 27 11 64 92 18 18 75 58 69
73 2 51 11 1 83 27 11 66 86
67 85 79 62 10 91 10 18 66 13
86 21 94 82 3 81 99 69 56 8
24 59 85 38 6 12 65 3 84 84
33 99 12 38 30 55 1 76 55 51
64 84 6 40 77 67 2 30 82 26
87 56 18 79 12 78 42 45 5 67
39 11 71 7 3 48 47 12 9 5
77 77 18 12 16 50 23 31 12 39
7 24 5 38 73 60 62 40 77 58
99 31 95 68 72 15 34 74 3 12
19 8 63 28 92 91 50 10 50 84
77 88 0 76 29 97 23 73 31 4
47 22 10 69 88 97 19 65 26 59
70 26 47 79 11 92 57 90 51 25
25 23 94 71 82 62 35 14 40 80
22 7 44 65 6 98 44 76 32 74
69 11 76 58 99 26 24 87 77 21
12 0 12 13 71 67 86 62 92 9
10 92 79 71 86 29 62 45 72 16
44 75 58 35 62 7 48 70 14 82
56 47 82 78 93 85 42 66 66 93
99 40 72 85 65 4 5 70 45 52
7 75 66 50 23 89 25 29 17 78
58 85 20 26 5 86 16 53 95 9
6 65 66 49 76 8 15 61 86 81
75 45 9 70 58 86 15 46 10 48
80 29 98 59 46 7 5 56 58 3
98 77 65 92 95 64 14 57 17 9
7 82 7 69 51 60 6 85 63 92
0 72 86 22 95 65 33 9 53 78
36 16 98 86 84 75 1 7 49 72
71 36 76 8 69 50 99 86 66 34
7 57 14 52 63 50 69 22 74 53
2 94 73 96 89 34 78 95 25 26
7 9 73 1 80 50 56 54 54 51
74 3 64 54 77 83 89 54 37 83
84 9 14 68 55 23 17 31 12 97
64 11 19 97 55 26 31 42 81 80
34 22 85 8 55 38 32 23 74 11
48 29 50 41 48 61 36 96 40 97
6 76 82 64 30 8 55 5 95 22
89 34 97 40 49 34 81 21 45 98
50 75 8 63 76 61 51 18 82 80
41 14 50 85 50 64 4 40 84 34
19 64 9 48 25 92 43 80 75 14
71 73 71 40 13 68 30 23 17 20
55 16 13 72 93 48 79 13 74 22
17 62 76 35 39 17 31 67 94 74
48 18 88 11 55 27 24 17 81 29
56 31 88 0 15 41 81 3 47 72
11 69 31 89 3 82 62 10 95 45
13 54 53 95 86 40 8 83 89 12
84 37 86 37 43 24 67 47 52 25
99 23 55 39 11 95 33 60 98 2
78 10 35 45 79 17 27 79 17 24
86 44 40 91 37 90 86 71 29 81
10 1 48 9 55 74 8 82 57 4
52 76 0 91 55 86 22 3 84 92
95 78 12 50 40 24 76 26 5 92
52 49 40 40 63 40 11 8 65 50
91 22 40 6 31 10 81 92 20 92
88 78 23 75 37 9 24 4 35 73
21 45 78 63 49 30 28 60 30 7
49 71 94 23 31 42 30 13 68 54
97 29 63 55 43 89 17 52 20 20
82 82 25 76 40 18 37 49 1 8
31 57 54 28 33 28 6 3 5 11
20 19 97 76 73 83 66 75 59 61
56 10 70 48 30 30 70 94 24 31
58 80 37 55 34 13 58 65 6 76
19 60 26 2 72 13 94 31 63 98
83 16 40 34 3 25 85 99 65 76
32 83 26 41 32 65 36 44 50 47
8 24 80 66 0 25 48 11 8 44
91 43 83 35 16 82 81 62 74 47
99 90 83 71 7 86 64 30 67 29
16 31 98 93 91 11 16 58 52 49
42 81 8 29 64 27 11 24 15 36
62 7 22 73 56 93 57 38 86 61
6 60 4 94 67 70 42 44 66 78
94 90 93 49 5 9 55 42 41 8
19 54 76 20 37 80 13 33 82 34
20 58 16 2 62 10 48 81 26 4
61 0 81 74 56 58 70 35 68 17
34 95 41 81 98 15 55 40 10 58
37 24 52 79 11 4 56 59 39 49
67 56 29 71 68 49 10 59 68 98
77 50 46 30 92 41 33 29 45 19
37 59 62 52 81 61 64 47 8 62
25 61 95 45 6 8 24 79 36 85
93 17 70 89 86 26 33 59 36 32
43 63 55 68 79 22 78 2 76 4
99 16 60 79 9 17 92 8 23 97
54 21 37 93 88 35 42 15 35 4
85 39 94 99 47 79 62 7 29 35
63 26 74 82 92 26 95 31 17 86
17 84 30 40 17 89 32 73 93 83
65 27 82 2 40 56 62 8 93 8
11 62 71 19 70 28 3 93 10 92
63 51 66 31 37 44 54 87 64 84
35 87 37 11 38 87 75 61 68 21
1 91 18 6 89 57 37 54 6 27
74 94 73 30 21 98 61 82 85 28
20 81 68 20 53 42 12 69 21 31
78 70 7 82 6 69 27 21 11 51
32 81 84 49 13 4 23 97 28 93
78 54 75 29 1 35 44 11 9 84
15 49 52 0 53 1 22 31 34 87
72 8 62 40 89 65 3 31 43 32
53 88 72 87 45 55 40 3 10 84
73 36 30 21 11 59 83 43 22 11
38 5 9 73 4 66 79 87 88 36
11 56 48 27 84 49 23 35 54 30
45 26 59 86 50 26 26 79 29 21
40 14 5 97 1 39 7 93 48 28
44 7 17 28 74 55 79 74 97 71
0 30 47 92 44 46 48 14 57 62
53 43 44 35 86 36 89 17 75 4
93 79 92 59 81 95 3 55 89 91
9 57 54 80 28 23 40 38 7 14
98 51 57 81 43 14 51 65 74 64
40 44 98 18 18 39 57 94 41 86
42 0 89 69 16 51 37 69 79 9
82 64 93 38 26 84 56 60 63 60
7 36 81 15 74 3 62 82 98 73
58 3 6 48 13 67 91 38 69 56
67 98 30 40 23 57 99 52 5 73
86 13 87 78 51 53 16 73 70 67
29 73 98 44 83 67 41 84 23 11
59 72 43 46 30 26 78 55 49 83
81 41 95 12 17 13 54 27 74 61
87 5 64 31 21 39 81 90 50 8
51 87 75 29 16 61 66 17 42 23
5 21 9 79 47 52 26 53 26 84
91 43 37 78 96 5 98 30 48 91
35 37 10 29 37 87 18 92 67 23
46 20 1 85 95 82 67 61 71 98
99 38 59 25 61 5 62 37 9 2
54 82 40 67 74 31 88 13 2 74
13 99 73 86 43 18 91 92 64 83
39 19 3 65 99 90 2 25 18 11
43 46 14 20 15 56 7 19 72 79
61 50 24 94 96 50 73 98 29 42
0 90 15 20 51 61 85 90 75 22
30 98 75 54 66 70 98 26 32 52
84 78 34 99 31 81 71 75 23 6
45 36 75 38 35 68 66 89 9 93
66 92 19 80 82 21 10 92 17 79
80 43 29 58 92 86 69 13 32 81
11 66 35 18 7 57 80 34 68 15
11 58 6 59 48 28 38 44 39 32
3 85 70 22 63 82 13 29 14 42
36 2 67 47 64 42 9 72 85 97
23 55 52 48 28 3 35 93 48 54
7 38 34 41 3 89 14 7 51 22
11 39 83 77 92 5 96 13 19 15
55 0 78 91 97 45 70 67 56 42
6 32 10 29 64 3 40 11 42 96
18 83 52 15 24 17 99 66 25 25
45 91 93 80 88 31 76 84 78 80
4 56 1 99 12 15 24 36 47 62
32 48 48 58 83 51 71 86 18 69
28 22 20 94 84 71 69 28 40 86
28 20 7 26 51 15 78 93 10 65
29 71 59 86 94 75 86 86 76 46
67 22 1 95 94 45 89 43 52 35
88 79 10 78 35 21 80 73 78 61
78 16 59 62 95 94 61 54 44 63
52 42 6 3 12 57 25 15 98 52
75 36 29 22 24 29 53 81 1 36
39 14 34 60 66 1 77 26 29 52
59 36 86 94 74 53 20 7 64 43
0 60 45 91 38 20 0 90 50 0
36 3 71 11 32 79 41 12 83 36
62 11 22 9 25 52 19 43 85 34
12 39 26 18 48 1 99 41 95 92
53 62 74 18 24 68 43 82 56 7
39 23 48 90 70 17 69 93 59 68
57 93 44 63 32 97 97 56 1 73
1 78 75 99 12 77 30 39 40 37
60 85 88 64 65 41 40 49 60 72
85 29 64 43 11 83 20 28 83 68
28 37 31 36 50 84 39 65 97 80
23 47 96 10 54 52 68 92 97 71
75 14 88 50 12 39 7 69 26 5
28 93 5 21 34 92 36 94 71 79
91 27 47 39 34 56 11 63 54 99
92 28 13 75 23 67 5 86 17 14
39 64 80 72 56 48 52 20 42 6
54 64 10 40 89 62 28 30 29 51
21 36 47 28 59 63 73 63 17 7
51 20 55 97 67 10 2 45 79 44
54 87 63 91 60 29 45 21 80 97
69 13 94 14 58 51 4 55 35 31
4 48 51 54 89 56 67 62 57 85
21 73 66 25 65 44 18 95 37 76
31 46 24 20 13 67 86 71 96 51
36 65 94 11 14 85 77 27 48 61
56 82 20 5 78 30 31 94 95 28
60 75 54 97 46 66 2 54 31 90
93 52 27 23 59 32 91 80 43 44
97 95 41 58 94 80 63 70 96 13
93 46 33 95 25 76 49 53 16 14
32 32 26 25 23 83 77 79 94 78
46 37 0 46 98 95 66 20 23 89
50 0 68 14 27 98 43 30 54 30
68 9 10 6 19 5 51 75 14 66
39 11 96 69 54 79 24 80 59 54
96 27 33 52 97 35 66 6 15 64
32 81 49 80 37 53 40 75 49 70
11 64 15 14 67 47 88 15 23 31
55 42 88 2 60 34 96 74 84 82
93 35 93 22 66 59 89 79 8 75
17 21 89 57 46 60 46 3 8 63
34 41 22 27 21 76 85 84 81 9
96 52 4 66 57 57 11 84 28 70
11 38 43 90 4 88 54 70 57 89
84 41 92 79 73 1 0 85 48 82
60 26 82 23 44 98 37 26 57 88
27 60 68 19 19 49 50 82 49 76
32 68 1 35 90 84 63 77 0 47
6 7 74 59 61 56 34 82 95 42
39 9 8 8 50 0 12 76 38 5
14 61 91 98 71 79 74 6 38 18
56 75 83 19 54 4 26 36 21 69
41 15 15 68 35 35 23 22 35 45
2 23 50 83 58 81 26 99 46 55
99 57 34 68 23 0 99 66 79 55
25 72 75 49 15 20 29 39 14 53
2 60 75 43 86 50 38 33 84 56
97 20 55 93 23 85 78 33 86 24
81 28 63 49 81 60 29 73 85 45
98 51 69 96 91 95 39 79 4 14
95 89 4 77 57 94 24 43 83 56
72 64 11 79 95 29 89 39 12 39
58 47 10 61 67 37 42 85 3 18
2 2 73 9 12 33 3 45 23 12
33 84 32 65 47 99 71 49 88 39
72 46 9 17 53 1 21 55 47 25
74 74 64 97 16 76 14 63 19 38
68 76 42 83 82 1 20 43 85 24
5 51 97 80 71 26 35 22 85 12
27 9 12 81 0 43 56 18 60 54
90 74 62 9 97 29 59 68 21 16
6 16 84 81 86 32 83 15 62 63
60 45 39 53 50 57 19 31 17 95
62 31 31 21 17 85 14 29 32 28
93 44 63 59 29 99 21 50 90 90
58 39 91 42 18 43 41 18 42 0
41 38 22 60 70 65 41 59 52 6
27 92 29 89 72 45 94 85 39 92
10 9 52 10 8 16 67 74 32 92
44 48 4 70 71 86 24 75 22 94
8 26 58 35 23 0 49 13 25 9
17 36 53 74 89 53 12 45 34 97
38 15 58 43 83 78 88 71 67 99
32 78 71 47 2 53 79 28 7 67
30 96 42 60 4 58 95 77 40 58
57 62 38 24 52 96 3 35 38 22
67 22 42 75 24 74 86 66 37 28
73 93 79 31 66 51 67 59 10 36
46 38 2 50 49 18 96 2 7 48
14 94 70 83 29 61 20 92 48 65
66 48 97 85 45 26 37 80 92 39
27 57 55 67 38 31 30 75 32 3
0 55 59 40 55 66 55 74 36 84
10 67 59 4 39 33 63 80 6 32
51 73 81 30 44 31 70 14 88 98
92 97 97 22 89 9 52 21 15 18
35 33 55 51 17 58 3 29 75 39
35 83 5 36 94 77 24 82 18 59
31 39 88 97 59 63 4 9 65 78
95 40 27 63 93 42 92 4 39 34
90 17 99 85 85 56 10 95 39 42
85 86 40 61 7 94 97 36 41 82
15 56 64 30 71 32 34 56 30 0
89 5 12 38 84 10 38 72 47 90
40 30 71 49 99 57 7 23 54 70
51 99 1 18 46 10 18 58 89 25
33 24 69 41 10 18 85 76 71 73
10 75 88 82 96 45 3 9 57 57
47 19 11 31 77 13 32 75 77 57
21 7 40 64 8 31 93 26 10 14
66 23 68 27 36 4 42 46 0 79
10 88 42 38 87 10 87 31 13 89
12 29 99 4 30 97 74 62 96 73
67 22 80 47 76 70 29 87 23 9
58 96 34 60 54 32 64 0 76 14
35 67 91 6 49 98 82 31 11 47
48 85 11 16 97 78 36 53 9 66
76 85 25 8 54 38 52 6 17 22
86 43 98 70 63 73 99 69 38 35
27 6 30 10 25 83 59 39 42 38
21 12 60 82 57 16 80 38 51 10
6 66 62 57 39 63 58 94 38 93
55 32 25 52 47 50 60 80 88 65
29 39 80 26 2 14 12 60 66 38
74 37 5 35 32 72 59 67 58 49
5 21 13 91 67 35 42 20 40 79
98 2 85 69 82 59 26 42 57 48
97 40 82 47 93 67 33 53 87 52
62 37 19 4 24 73 84 46 42 47
84 85 58 53 44 8 15 60 67 74
25 1 19 94 81 58 4 66 43 55
74 46 52 55 84 93 11 9 90 90
12 57 87 80 14 23 84 29 29 34
33 14 93 38 66 93 92 10 79 6
50 75 63 77 1 66 76 16 42 79
11 27 15 25 46 24 57 45 9 35
12 15 62 75 68 79 15 13 43 3
99 41 50 25 5 17 76 18 32 90
83 69 3 73 92 28 59 17 90 8
23 1 34 46 37 84 70 80 33 17
12 73 89 79 5 75 34 55 86 82
86 35 74 10 32 43 48 61 62 37
19 49 0 37 28 16 73 74 32 98
24 8 5 94 99 10 71 90 16 94
18 47 62 99 23 50 3 75 35 75
2 29 26 70 22 3 53 8 42 12
61 55 32 45 89 28 79 43 56 12
94 23 82 52 65 1 26 91 50 79
32 81 29 52 7 24 90 72 5 5
16 66 18 66 59 25 23 92 38 15
2 35 44 6 81 33 65 5 57 15
40 66 10 67 29 45 20 0 15 13
88 74 24 36 26 8 88 6 4 93
13 48 0 96 15 29 91 71 21 80
37 97 84 51 21 71 19 45 49 42
20 17 79 45 13 73 71 13 87 30
22 92 25 60 1 26 33 63 39 97
15 13 76 35 51 74 92 99 63 75
42 10 91 34 63 90 68 92 30 28
10 92 2 93 16 90 35 31 46 92
65 2 67 7 37 27 77 95 33 84
91 39 69 25 83 72 57 10 68 48
32 54 71 25 71 87 28 22 64 5
90 97 90 22 26 68 50 56 84 46
38 12 35 75 58 11 73 14 63 39
9 62 0 79 91 74 46 25 46 33
17 61 36 33 6 97 87 48 29 15
69 58 70 66 23 47 74 81 56 45
87 0 69 21 51 9 48 39 59 26
99 99 75 19 19 42 17 44 78 49
69 43 89 77 23 26 5 42 11 9
64 87 94 17 1 71 37 6 2 46
17 60 41 40 82 88 13 81 33 66
43 68 55 2 53 94 46 36 83 17
30 26 54 93 70 12 69 39 15 76
4 20 53 3 23 17 22 71 77 11
83 4 84 87 1 55 29 87 88 90
91 15 45 26 1 63 80 99 29 54
39 98 15 68 84 62 55 88 16 13
85 91 84 40 15 30 48 97 23 76
0 70 59 75 30 4 18 19 12 18
74 69 62 76 44 10 41 30 96 98
52 17 62 16 81 16 5 5 1 3
8 63 5 7 17 25 59 26 87 7
87 85 84 48 30 19 4 69 72 67
64 43 39 70 55 70 67 58 23 98
29 9 63 74 89 15 52 84 22 37
40 71 76 4 80 37 55 72 95 71
27 91 80 65 96 15 40 96 5 8
10 35 42 26 81 8 3 9 95 51
94 70 11 33 95 43 46 21 42 7
43 33 2 50 40 32 76 57 52 39
92 16 6 3 18 49 47 33 16 30
89 35 99 56 1 53 48 37 61 36
1 43 60 74 31 20 37 94 25 63
13 49 40 15 70 4 52 82 64 59
47 55 76 92 12 72 48 43 95 38
39 72 14 13 32 70 60 59 97 49
72 38 60 5 6 27 29 79 82 12
83 27 49 6 80 16 70 98 50 91
43 45 83 47 22 81 18 64 99 49
56 18 37 43 79 96 70 76 81 30
84 85 95 59 14 86 1 94 28 70
84 12 23 14 84 82 18 5 23 27
12 4 20 11 60 29 30 12 99 2
19 22 44 76 25 96 60 15 25 63
62 89 21 75 67 70 31 9 8 23
39 54 91 83 7 32 24 28 90 20
69 22 79 24 89 55 25 18 72 16
93 81 46 85 75 19 71 92 15 55
28 10 63 67 59 68 69 31 25 26
80 16 44 84 40 4 11 20 70 87
7 34 92 57 98 96 37 48 34 16
66 80 95 97 46 4 11 54 86 81
68 23 15 32 54 46 49 31 48 61
7 75 40 94 5 73 90 55 82 11
72 14 82 92 36 90 74 23 26 9
90 85 57 12 93 24 71 97 57 28
1 48 17 35 25 20 19 63 28 20
77 90 35 36 33 90 22 61 11 82
6 77 96 95 14 0 79 78 30 29
57 18 0 54 80 30 78 34 78 13
92 12 61 0 48 17 60 43 93 27
14 73 8 51 10 11 4 61 43 75
39 97 29 3 41 54 50 5 8 37
57 71 21 58 27 60 5 32 62 53
66 75 48 9 59 27 67 69 73 57
74 89 9 31 34 2 40 45 91 78
71 66 72 66 70 94 83 16 2 75
35 96 36 9 20 99 63 18 63 91
59 21 4 91 89 59 69 44 57 14
55 10 83 19 58 37 61 69 80 71
10 57 23 59 68 82 81 29 6 30
29 51 7 60 97 12 81 94 62 85
58 13 35 28 5 10 24 46 98 38
99 94 64 87 24 70 13 1 15 71
28 92 3 30 98 48 24 5 31 19
26 74 5 69 74 90 4 29 85 57
74 31 84 3 19 92 79 56 16 98
56 23 93 66 45 34 76 48 85 20
97 84 60 69 95 2 13 61 96 9
39 36 65 0 14 85 68 58 0 27
73 58 62 61 35 93 64 3 67 38
23 40 13 67 34 38 37 8 8 84
14 29 96 73 48 10 85 90 73 67
6 93 42 70 57 67 98 52 9 89
14 36 93 46 65 84 26 58 94 55
43 10 11 53 0 40 73 64 70 28
38 78 44 32 5 12 66 51 90 81
97 38 12 2 4 43 89 60 52 41
51 88 2 35 44 19 75 9 4 74
17 81 52 28 93 92 77 77 28 35
84 92 97 45 12 20 35 84 20 9
55 22 6 27 81 93 37 54 46 33
39 43 78 1 18 59 76 96 82 9
0 38 22 53 39 2 31 5 81 14
88 5 45 66 82 65 72 22 18 99
60 94 20 51 60 6 96 8 88 5
31 6 94 31 12 73 33 84 43 19
99 9 32 50 31 38 78 19 68 49
26 31 42 43 79 94 98 34 23 51
8 81 70 17 59 13 23 71 80 56
93 20 13 3 30 90 89 47 0 69
96 10 31 54 10 95 32 65 5 21
9 80 83 25 1 92 68 13 80 66
12 9 65 34 60 93 73 95 74 98
22 27 83 96 70 41 96 94 33 19
49 34 43 18 13 73 41 96 54 73
87 53 42 54 39 73 4 26 22 71
73 63 56 65 63 29 64 59 91 77
48 81 99 92 67 29 79 22 10 14
12 51 47 81 60 32 21 29 77 35
87 8 91 72 9 27 25 13 43 64
21 87 68 46 66 21 58 31 15 51
46 29 37 7 42 57 2 37 55 15
51 95 2 14 38 7 99 19 1 3
9 62 69 29 50 76 64 64 61 15
45 82 41 61 80 33 53 53 68 19
11 21 50 38 84 78 91 85 18 2
75 89 94 99 47 9 71 53 58 54
50 17 25 25 14 76 90 41 1 90
1 30 14 3 71 68 69 46 48 32
51 75 67 14 63 68 89 9 21 53
92 77 3 27 8 23 11 48 57 49
63 15 36 31 74 91 71 4 17 86
26 49 56 73 87 34 32 96 78 63
9 92 0 86 60 62 25 62 44 77
25 6 13 33 55 67 89 73 19 91
99 78 25 55 22 54 86 68 99 12
3 95 8 35 11 17 24 82 94 76
82 80 34 18 6 91 99 45 10 1
97 18 94 89 39 76 48 11 2 3
99 6 19 16 35 91 42 16 41 87
60 59 32 90 21 99 22 62 6 56
34 72 37 48 58 97 74 40 38 97
93 56 45 34 70 48 11 35 99 87
99 56 4 86 33 39 44 29 31 3
36 34 57 62 26 14 50 28 40 70
29 43 62 8 23 66 90 11 78 32
99 38 75 67 41 95 13 67 95 75
33 3 15 81 78 86 32 72 83 66
31 64 16 77 74 95 24 28 20 37
68 18 88 96 91 82 86 95 61 23
64 13 72 77 82 77 97 28 63 72
5 12 23 69 93 73 26 74 27 52
55 67 77 58 15 54 54 7 7 5
95 11 84 69 79 94 98 51 93 28
75 10 71 45 85 4 57 87 93 46
57 68 90 94 88 78 82 50 45 87
56 6 79 30 46 90 36 88 58 32
49 81 53 50 11 21 54 10 47 82
4 84 19 43 75 92 38 77 82 40
23 41 51 24 94 85 70 27 9 54
71 68 8 28 24 95 45 42 92 18
79 27 71 70 87 82 69 5 40 2
47 53 14 53 49 63 25 92 37 7
13 38 73 73 8 90 9 83 22 72
40 47 60 58 48 11 15 46 20 35
40 8 28 30 40 98 91 77 27 42
9 75 1 21 0 81 38 99 66 29
58 24 99 21 44 93 17 87 82 27
38 26 78 52 5 48 37 95 9 51
64 10 40 60 52 7 3 25 59 31
38 48 74 4 10 19 68 66 44 43
33 52 84 81 53 25 77 82 41 43
11 24 67 28 41 97 80 20 56 19
99 35 16 51 26 96 35 94 65 36
25 97 20 2 96 58 46 43 5 6
7 23 83 71 0 52 50 57 84 6
55 77 38 12 44 46 88 9 79 32
77 34 61 59 98 8 7 65 20 79
6 50 20 80 92 2 84 3 25 93
39 47 74 46 87 20 26 4 80 24
76 52 75 72 23 48 30 53 58 37
59 77 74 60 82 41 91 8 34 58
89 67 72 28 11 47 71 88 61 40
35 21 33 42 68 88 70 50 64 60
95 79 87 38 29 78 75 9 21 87
22 84 14 75 67 67 32 36 98 64
16 8 25 37 95 36 98 81 11 43
36 52 86 10 14 85 33 36 2 83
69 91 4 96 61 60 93 73 34 29
21 31 39 58 0 15 13 5 13 20
50 64 35 87 58 49 47 46 21 10
96 9 74 23 50 6 65 43 46 60
67 31 1 33 44 35 28 85 97 9
32 9 72 9 24 50 73 36 69 5
19 59 87 70 46 24 40 1 79 50
46 68 53 46 54 83 84 31 5 14
72 10 69 90 17 32 95 74 4 45
37 74 58 95 2 53 52 59 35 17
90 18 4 27 81 77 22 42 34 62
14 73 11 93 79 56 60 26 20 60
41 66 75 61 36 76 46 87 81 52
36 67 44 40 4 96 51 56 9 19
32 83 19 28 49 83 82 5 79 16
36 55 7 36 23 59 33 26 78 58
64 58 47 90 18 87 91 87 20 99
97 23 15 32 91 30 1 58 20 34
79 28 3 83 55 47 96 91 74 29
55 91 11 80 58 76 22 75 95 32
85 66 19 33 75 46 56 37 39 26
36 5 85 85 49 83 88 54 52 71
78 12 53 73 26 30 58 42 84 56
70 1 55 25 41 68 72 52 49 96
8 75 40 76 98 95 42 25 68 96
63 21 93 9 77 98 11 22 17 42
95 67 73 97 33 24 16 71 44 22
3 52 26 70 12 29 16 15 38 5
35 79 4 96 81 66 33 43 77 8
70 12 10 5 73 84 81 77 6 63
7 47 79 58 10 31 31 78 37 53
54 32 93 88 26 97 11 96 33 34
96 83 28 67 10 49 52 41 77 5
58 49 64 42 10 33 33 77 14 70
19 47 8 13 43 94 6 58 75 5
26 62 61 21 46 77 91 92 66 13
75 59 99 22 32 79 64 99 86 91
86 50 42 8 45 58 11 90 88 94
40 25 31 18 15 40 70 55 25 38
50 93 78 10 4 85 1 27 2 53
30 40 83 98 69 97 38 37 3 79
54 27 67 34 70 45 75 9 13 31
91 42 61 27 64 67 21 16 10 22
89 16 17 98 66 76 54 88 71 80
62 33 21 89 15 17 0 12 41 44
78 92 94 78 81 1 95 70 55 19
44 74 35 82 81 38 4 27 35 75
35 90 85 29 33 13 20 13 34 85
58 46 33 99 76 27 73 86 98 62
81 56 93 82 58 91 24 43 73 80
84 76 42 40 97 88 7 30 60 31
78 49 84 9 93 15 38 93 57 21
28 70 76 2 15 97 36 64 90 93
14 29 70 53 25 76 71 56 33 35
37 74 47 89 93 81 86 91 1 24
8 32 67 78 8 90 26 97 62 5
75 74 53 90 88 54 34 95 32 93
27 63 50 85 18 78 21 31 6 95
90 3 64 51 11 22 64 10 8 18
30 24 76 2 68 29 19 23 70 25
51 35 86 39 34 71 12 57 48 9
96 81 23 49 65 47 54 72 56 85
60 4 51 44 65 56 72 63 91 9
54 35 79 10 0 97 83 63 49 94
69 51 67 55 82 67 65 82 86 21
3 76 23 43 39 6 76 68 36 92
36 3 95 68 97 61 70 37 43 43
38 24 11 36 81 98 56 96 12 12
40 31 80 81 82 58 83 65 25 87
5 66 57 62 6 62 8 19 81 62
80 4 38 14 85 26 56 79 73 60
70 30 44 10 20 40 83 24 76 41
89 33 52 62 6 69 28 74 35 24
32 83 16 30 33 18 13 29 72 7
38 60 49 74 92 90 87 88 49 18
54 87 88 68 84 12 10 65 52 36
35 89 82 52 30 49 1 22 40 89
31 30 43 36 2 69 25 10 34 16
