5	125
40	124
75	122
9	121
29	121
12	120
11	120
25	118
10	116
31	115
74	114
67	114
84	114
94	113
82	113
97	112
4	112
92	111
38	111
8	111
17	109
99	109
7	109
79	108
93	108
6	108
3	108
55	108
23	108
43	107
34	107
37	107
58	107
22	107
56	106
59	106
21	106
78	105
71	105
68	105
32	105
52	105
54	104
45	103
95	103
66	103
35	103
81	103
70	102
49	102
50	102
28	102
73	101
46	101
90	101
63	101
57	101
26	101
1	100
48	100
64	100
85	100
86	100
14	99
13	99
91	99
39	99
47	98
62	98
80	98
89	98
53	98
76	97
96	97
36	97
30	97
41	96
60	96
20	96
18	95
69	95
61	95
51	94
16	93
65	92
83	92
19	91
2	91
42	90
0	90
72	89
15	88
33	87
44	84
98	84
88	84
27	84
24	84
87	82
77	81
<sos>	0
<eos>	0
